# measure
fx=641.908787
cx=688.383484
fy=639.740430
cy=374.862427
k1=0.018123
k2=-0.010149
p1=0.000443
p2=-0.003791
k3=0.000000
Zc=245
# camera
id=0
ip=none
# detection
Volume=100
scale=10
